4--Dancing/4_Dancing_Dancing_4_431.jpg 687 119 724 158 359 230 381 264
4--Dancing/4_Dancing_Dancing_4_241.jpg 572 277 653 400
4--Dancing/4_Dancing_Dancing_4_787.jpg 426 32 618 314
4--Dancing/4_Dancing_Dancing_4_453.jpg 310 288 436 484 544 200 682 414
4--Dancing/4_Dancing_Dancing_4_389.jpg 593 100 671 229 693 167 773 280
4--Dancing/4_Dancing_Dancing_4_177.jpg 355 370 468 501 463 305 559 451
4--Dancing/4_Dancing_Dancing_4_531.jpg 209 322 410 504
4--Dancing/4_Dancing_Dancing_4_687.jpg 135 82 190 161 105 115 155 177 358 253 414 366 488 213 563 332 711 474 822 612 803 491 888 615 706 264 725 291 713 355 733 378 673 354 694 380 915 44 948 92
4--Dancing/4_Dancing_Dancing_4_617.jpg 260 273 292 324 397 252 432 302 503 339 525 367 662 328 682 357 753 327 775 350 848 273 882 327 913 310 936 346
4--Dancing/4_Dancing_Dancing_4_626.jpg 366 80 514 366 540 96 718 384
4--Dancing/4_Dancing_Dancing_4_953.jpg 518 256 677 489 655 107 820 382
4--Dancing/4_Dancing_Dancing_4_963.jpg 447 137 658 405
4--Dancing/4_Dancing_Dancing_4_956.jpg 348 118 490 302
4--Dancing/4_Dancing_Dancing_4_690.jpg 170 289 283 430 311 170 418 337
4--Dancing/4_Dancing_Dancing_4_33.jpg 304 282 410 394 140 606 274 700
4--Dancing/4_Dancing_Dancing_4_387.jpg 548 640 604 714 568 450 624 538
4--Dancing/4_Dancing_Dancing_4_774.jpg 184 379 256 472 349 371 424 462 509 427 576 507 752 344 816 445 659 1048 734 1152
4--Dancing/4_Dancing_Dancing_4_507.jpg 360 129 474 294
4--Dancing/4_Dancing_Dancing_4_113.jpg 474 214 558 346
4--Dancing/4_Dancing_Dancing_4_591.jpg 500 14 564 104
4--Dancing/4_Dancing_Dancing_4_859.jpg 306 363 324 385 350 358 369 380 424 366 442 391 463 209 499 253 560 375 579 402 593 365 613 391 599 141 636 185 763 358 788 387
4--Dancing/4_Dancing_Dancing_4_598.jpg 160 163 203 217 247 178 288 223 451 165 492 215 597 172 640 224 759 162 797 211 871 159 911 210
4--Dancing/4_Dancing_Dancing_4_27.jpg 486 126 542 194 594 90 648 168
4--Dancing/4_Dancing_Dancing_4_527.jpg 46 62 124 197
4--Dancing/4_Dancing_Dancing_4_677.jpg 134 47 191 116 456 48 523 145 679 62 741 158 779 68 861 168 760 302 809 363 825 323 870 388 426 574 509 654 493 576 553 651 82 566 184 690 245 67 281 130 579 303 588 320 536 362 551 374
4--Dancing/4_Dancing_Dancing_4_275.jpg 226 176 272 237 589 220 661 315 262 9 287 47 167 96 192 130 0 117 21 154
4--Dancing/4_Dancing_Dancing_4_962.jpg 354 220 582 502
4--Dancing/4_Dancing_Dancing_4_61.jpg 263 107 313 178 742 98 807 190 102 390 139 427 8 390 41 439 51 350 76 384 7 335 37 377
4--Dancing/4_Dancing_Dancing_4_944.jpg 362 184 858 924
4--Dancing/4_Dancing_Dancing_4_491.jpg 324 312 400 366
4--Dancing/4_Dancing_Dancing_4_350.jpg 332 278 359 312 63 323 87 350 99 328 119 349 277 291 299 320 248 259 277 293 397 257 422 288 519 294 540 321 468 352 482 368 664 316 679 339 573 353 583 370 990 249 1014 282 731 320 746 340 831 157 856 202
4--Dancing/4_Dancing_Dancing_4_539.jpg 598 229 711 408 787 305 900 484
4--Dancing/4_Dancing_Dancing_4_552.jpg 647 517 684 574 344 489 373 526
4--Dancing/4_Dancing_Dancing_4_913.jpg 437 157 621 446
4--Dancing/4_Dancing_Dancing_4_271.jpg 219 157 305 311 367 238 470 362
4--Dancing/4_Dancing_Dancing_4_178.jpg 192 210 229 256 515 138 552 189
4--Dancing/4_Dancing_Dancing_4_65.jpg 664 122 706 183 39 511 70 549 288 520 316 555 332 511 358 549 657 511 697 560 722 541 753 574 631 528 665 566 939 513 974 557 731 420 753 453 814 407 839 440 891 429 914 464 695 443 718 473 229 456 251 484 172 507 195 535 590 478 611 505 44 387 63 418 429 418 452 454 477 361 534 402 998 539 1024 576 965 477 984 509
4--Dancing/4_Dancing_Dancing_4_786.jpg 406 282 632 506
4--Dancing/4_Dancing_Dancing_4_22.jpg 217 86 305 246 647 211 738 326
4--Dancing/4_Dancing_Dancing_4_226.jpg 453 207 654 422
4--Dancing/4_Dancing_Dancing_4_215.jpg 738 586 820 658 526 30 646 130
4--Dancing/4_Dancing_Dancing_4_522.jpg 441 155 643 464
4--Dancing/4_Dancing_Dancing_4_237.jpg 450 114 518 184 264 54 360 156
4--Dancing/4_Dancing_Dancing_4_413.jpg 88 84 256 264 68 488 234 700 184 458 354 648 638 472 768 684 764 462 914 638 362 32 512 236 550 94 702 284 726 176 876 330
4--Dancing/4_Dancing_Dancing_4_355.jpg 102 178 194 296 808 62 912 194 454 118 540 258 6 130 68 244
4--Dancing/4_Dancing_Dancing_4_433.jpg 290 90 323 146 697 42 742 98
4--Dancing/4_Dancing_Dancing_4_91.jpg 34 160 58 188 124 171 144 197 214 149 238 179 295 182 316 209 339 43 382 103 675 177 696 204 749 161 771 188 834 61 872 117 994 166 1017 197 567 167 589 194 484 168 503 195 670 120 685 140 405 174 419 198
4--Dancing/4_Dancing_Dancing_4_302.jpg 78 44 136 117 829 96 897 183 626 310 681 378 519 301 577 363 63 537 104 593
4--Dancing/4_Dancing_Dancing_4_817.jpg 136 178 199 247 238 119 284 178 283 110 316 155 336 110 368 152 459 118 487 154 534 96 562 129 611 112 636 144 670 103 693 132 791 94 813 123 810 121 828 147 926 86 948 113 557 138 572 161 439 169 473 193
4--Dancing/4_Dancing_Dancing_4_85.jpg 440 154 530 312 554 178 630 318
4--Dancing/4_Dancing_Dancing_4_820.jpg 614 262 726 418 789 478 926 584
4--Dancing/4_Dancing_Dancing_4_764.jpg 276 128 395 314 661 209 771 398
4--Dancing/4_Dancing_Dancing_4_180.jpg 268 166 318 208 616 128 667 194
4--Dancing/4_Dancing_Dancing_4_730.jpg 609 370 631 399 863 344 892 386 928 361 955 395 957 334 989 381 426 180 489 278 687 174 756 276 39 353 67 386 13 359 32 395
4--Dancing/4_Dancing_Dancing_4_637.jpg 524 68 602 172 426 142 512 232
4--Dancing/4_Dancing_Dancing_4_258.jpg 306 68 368 152 606 58 658 162
4--Dancing/4_Dancing_Dancing_4_75.jpg 500 54 584 180 738 248 812 372
4--Dancing/4_Dancing_Dancing_4_809.jpg 554 146 888 550
4--Dancing/4_Dancing_Dancing_4_595.jpg 483 155 563 278
4--Dancing/4_Dancing_Dancing_4_401.jpg 492 154 539 218 488 503 538 534
38--Tennis/38_Tennis_Tennis_38_784.jpg 290 74 610 470
38--Tennis/38_Tennis_Tennis_38_130.jpg 344 102 466 242
38--Tennis/38_Tennis_Tennis_38_68.jpg 397 112 446 194
38--Tennis/38_Tennis_Tennis_38_917.jpg 313 150 535 491
38--Tennis/38_Tennis_Tennis_38_373.jpg 572 109 657 236
38--Tennis/38_Tennis_Tennis_38_96.jpg 408 128 468 216
38--Tennis/38_Tennis_Tennis_38_162.jpg 252 279 456 522
38--Tennis/38_Tennis_Tennis_38_879.jpg 208 64 280 176
38--Tennis/38_Tennis_Tennis_38_419.jpg 392 106 490 232
38--Tennis/38_Tennis_Tennis_38_183.jpg 451 116 497 183
38--Tennis/38_Tennis_Tennis_38_123.jpg 418 267 497 386
38--Tennis/38_Tennis_Tennis_38_521.jpg 622 174 844 452
38--Tennis/38_Tennis_Tennis_38_640.jpg 462 70 606 270
38--Tennis/38_Tennis_Tennis_38_408.jpg 246 94 418 340
38--Tennis/38_Tennis_Tennis_38_141.jpg 660 168 892 316
38--Tennis/38_Tennis_Tennis_38_641.jpg 432 146 713 570
38--Tennis/38_Tennis_Tennis_38_1029.jpg 414 146 514 290 594 178 712 336
38--Tennis/38_Tennis_Tennis_38_963.jpg 314 230 703 827
38--Tennis/38_Tennis_Tennis_38_380.jpg 382 86 494 222
38--Tennis/38_Tennis_Tennis_38_361.jpg 615 150 658 208
38--Tennis/38_Tennis_Tennis_38_209.jpg 973 143 985 161 314 152 354 206 772 123 807 164 903 145 916 159
38--Tennis/38_Tennis_Tennis_38_133.jpg 504 56 580 134
38--Tennis/38_Tennis_Tennis_38_224.jpg 217 146 243 183 798 192 829 228
38--Tennis/38_Tennis_Tennis_38_487.jpg 146 400 326 602 436 236 594 442 718 68 842 270
38--Tennis/38_Tennis_Tennis_38_766.jpg 408 96 702 556
38--Tennis/38_Tennis_Tennis_38_711.jpg 616 116 830 422
38--Tennis/38_Tennis_Tennis_38_260.jpg 514 180 612 286 302 298 374 372
38--Tennis/38_Tennis_Tennis_38_600.jpg 658 96 858 362
38--Tennis/38_Tennis_Tennis_38_663.jpg 233 245 828 1028
38--Tennis/38_Tennis_Tennis_38_192.jpg 492 80 544 146
38--Tennis/38_Tennis_Tennis_38_344.jpg 570 46 718 238
38--Tennis/38_Tennis_Tennis_38_36.jpg 616 85 664 143
38--Tennis/38_Tennis_Tennis_38_523.jpg 170 80 294 270
38--Tennis/38_Tennis_Tennis_38_583.jpg 278 132 582 540
38--Tennis/38_Tennis_Tennis_38_140.jpg 600 172 674 246
38--Tennis/38_Tennis_Tennis_38_868.jpg 528 42 742 338
38--Tennis/38_Tennis_Tennis_38_379.jpg 346 93 393 158 685 169 721 217
38--Tennis/38_Tennis_Tennis_38_731.jpg 244 343 699 892
38--Tennis/38_Tennis_Tennis_38_122.jpg 602 82 656 180
38--Tennis/38_Tennis_Tennis_38_304.jpg 442 30 498 104